🎯 NKAT TURBO ZERO HUNTER - DISCOVERY SUMMARY
============================================================

Session ID: turbo_1749199692
Hunt Duration: 1.66 seconds
Known Zeros: 51
New Discoveries: 701
Grand Total: 752
Performance: 421.76 zeros/sec

NEW ZERO DISCOVERIES:
------------------------------
  1. 250.954540047198293
  2. 253.106510438822795
  3. 255.249751203753988
  4. 256.441429273881113
  5. 258.548635432241213
  6. 259.965653307885646
  7. 260.746236691924423
  8. 263.591376299293984
  9. 265.500990218328866
 10. 266.694197141694417
 11. 267.867325714151775
 12. 270.007102085680799
 13. 271.460201671737877
 14. 273.489819027217891
 15. 275.520202546886594
 16. 276.532991724854810
 17. 278.183667527305261
 18. 279.275491398524423
 19. 282.403141762006271
 20. 283.297261621885241
 21. 284.777268460707091
 22. 286.733992033137611
 23. 287.847308160842999
 24. 289.618906497365060
 25. 291.803810066339111
 26. 293.648182942430935
 27. 294.795719320148123
 28. 295.701972041427211
 29. 297.934774863357120
 30. 299.895827449265425
 31. 301.554278176927255
 32. 302.797695214698592
 33. 304.736340701874838
 34. 305.870694277682901
 35. 307.148320485996464
 36. 310.024922741143655
 37. 311.317142514207603
 38. 312.294610395262453
 39. 314.072456332251704
 40. 315.416326708214001
 41. 317.796848232807406
 42. 318.790024349649912
 43. 321.252060754804234
 44. 322.028348699592243
 45. 323.542512380660980
 46. 324.821389309249525
 47. 327.479495134363106
 48. 328.955498689297997
 49. 330.038718328076129
 50. 331.422888883776409
 51. 333.750665938452357
 52. 334.113281254218123
 53. 336.876868362634923
 54. 338.286329545331228
 55. 339.940999892913851
 56. 340.948621369822604
 57. 342.105894227374961
 58. 344.635363071183178
 59. 346.403071414503984
 60. 347.218887805250233
 61. 349.358419675358562
 62. 350.366588901701448
 63. 351.901132727218396
 64. 353.466859460686010
 65. 356.060335397802874
 66. 357.064518657960662
 67. 358.024284458552984
 68. 359.708980849368345
 69. 361.315377586862269
 70. 363.302764254287695
 71. 364.774786576851852
 72. 366.172220532104575
 73. 368.062055882135724
 74. 368.889067226457541
 75. 370.088837146501078
 76. 373.017724777653370
 77. 373.925943848527822
 78. 375.721488196359815
 79. 376.422843689697970
 80. 378.396897282389432
 81. 379.912721868917970
 82. 381.450349624217324
 83. 383.491010369397827
 84. 384.861984113682183
 85. 385.966763265470604
 86. 387.158037301464958
 87. 388.880436263327397
 88. 391.379402609727094
 89. 392.370745240641440
 90. 393.339795054365595
 91. 395.706707301573374
 92. 396.250280853880781
 93. 397.972493434784155
 94. 399.938711576482547
 95. 401.959348279437222
 96. 403.008276848721039
 97. 404.090544571168152
 98. 405.221463389638302
 99. 407.534708216857553
100. 409.007631376337145
101. 410.448320928990711
102. 412.051295111934564
103. 413.186525753607725
104. 418.422867040869733
105. 419.775282513118668
106. 420.738962217773519
107. 422.021428903607784
108. 423.757883019035603
109. 425.037258969124082
110. 427.253387770207951
111. 428.080319051874312
112. 430.400022905214541
113. 431.190048517623836
114. 432.210774101153447
115. 433.862580390160247
116. 436.192230466017691
117. 437.521633099513110
118. 438.692189351274237
119. 439.868237222720154
120. 441.725764445719278
121. 442.863964784096652
122. 444.343312931799346
123. 446.807448023612096
124. 447.506770953459693
125. 449.101252532835815
126. 450.168601773939486
127. 451.385061748815133
128. 454.016146490041479
129. 454.932599818069320
130. 456.363864282653935
131. 457.869178026601389
132. 459.592891825315860
133. 460.016688887512487
134. 462.083443193641187
135. 464.034449267087780
136. 465.736410005103380
137. 466.478870499298978
138. 467.492020639328871
139. 469.508801892133533
140. 470.799344289796693
141. 472.766392506066381
142. 473.874514450888341
143. 475.555416170946728
144. 476.828523809957346
145. 478.012307665691992
146. 478.980691001171863
147. 481.794007035897266
148. 482.909066971376888
149. 483.783727770308815
150. 485.600962114471713
151. 486.473913102074107
152. 488.418349380621180
153. 489.624993221450268
154. 491.432699677415712
155. 493.221236659836336
156. 494.078983245286167
157. 495.274829209448285
158. 496.480354645968760
159. 498.549543145184884
160. 500.371023684455849
161. 501.483048992755357
162. 502.377953332320999
163. 504.416957746596836
164. 505.529023833278075
165. 506.394078344524360
166. 508.846355953973784
167. 510.344319449880686
168. 511.445363242099688
169. 512.755561989187527
170. 513.580430344834440
171. 515.471328483446314
172. 517.518343848466884
173. 518.312831996754994
174. 520.053073890119776
175. 521.615964985837763
176. 522.369361047867187
177. 524.013875214221116
178. 525.043090351713545
179. 528.020217742859813
180. 528.264337079832785
181. 529.877927326678673
182. 530.812927234536346
183. 532.726708273715303
184. 533.745617329975175
185. 535.691826457091565
186. 537.034056448953379
187. 538.469120825529899
188. 540.102051678222097
189. 540.752542518438077
190. 541.808781522506706
191. 544.348119901707150
192. 545.597228026481389
193. 547.076561156776279
194. 547.868899015448051
195. 549.536774025913019
196. 550.928224081424787
197. 552.083073833950948
198. 553.744499516476026
199. 555.832662145873428
200. 556.816089814282577
201. 557.633446602364529
202. 559.279976306283743
203. 560.265645777997634
204. 562.544074839505356
205. 564.242350794075264
206. 564.427876312426179
207. 566.717711586452879
208. 567.685479479140668
209. 568.962274319284688
210. 570.028507219502444
211. 572.440310329632212
212. 573.581920858993954
213. 575.164865398177653
214. 575.733534244833891
215. 577.067927566000435
216. 579.075190914196355
217. 580.161761918715683
218. 581.922025351497950
219. 583.270142846180534
220. 584.522389225847974
221. 586.049210555134778
222. 586.684084228500978
223. 588.159745792262129
224. 590.632176473109212
225. 591.793683147417141
226. 592.505157029254860
227. 594.011463826344425
228. 595.674665332287987
229. 596.410377696676051
230. 598.465050592868238
231. 599.574966455679032
232. 601.555969095079718
233. 602.663721744751911
234. 603.540220507820322
235. 604.664997090629413
236. 606.360631983491203
237. 608.454548193811888
238. 609.332513592692976
239. 610.910190046286061
240. 611.709077353707698
241. 613.661504472055185
242. 614.567828578758281
243. 615.584239645736943
244. 618.071704482260884
245. 619.268389819589629
246. 620.181687260441322
247. 621.850085711750580
248. 622.255393197976218
249. 624.305125002436398
250. 625.971670911882711
251. 627.345146755050564
252. 628.255318911381437
253. 628.318530717958538
254. 628.391041249177078
255. 630.315175735308685
256. 630.987312301381507
257. 632.152016321288784
258. 633.585345721086696
259. 635.493414613218420
260. 639.006027914824699
261. 640.648942853461222
262. 641.989827533370089
263. 643.245118331285994
264. 645.023056757562017
265. 646.306855813151742
266. 647.824375513816221
267. 648.717274309785580
268. 650.312762599812231
269. 650.576224624155202
270. 653.695733952918999
271. 654.240801495880532
272. 655.754472273704323
273. 656.917683622778441
274. 658.215202681868959
275. 659.625944480102589
276. 660.748382555541411
277. 662.276792755338420
278. 664.278887155172470
279. 665.283952555760607
280. 666.621326987779184
281. 667.062637019760814
282. 669.001307537979301
283. 670.302467174031335
284. 672.521119869590848
285. 672.967814333001797
286. 674.391497100612014
287. 676.096146126856411
288. 677.325032309934159
289. 677.726330294412037
290. 679.757239728955028
291. 681.859144282195757
292. 682.652377174164258
293. 683.967353491695121
294. 685.014878939743994
295. 686.140222152181423
296. 687.975861118419516
297. 689.352154113509641
298. 690.488821586071481
299. 692.431210712861002
300. 693.225343031545890
301. 694.496134038548689
302. 695.764235025545759
303. 696.602420311541209
304. 699.150823617442029
305. 700.257970314510885
306. 701.354545213985148
307. 702.188443355717482
308. 704.062301218154744
309. 705.092471534945389
310. 706.206384736918722
311. 708.247707164097847
312. 709.255052060812432
313. 711.081905584251217
314. 711.981916711850090
315. 712.690890955924942
316. 714.103826697915338
317. 716.095511422340223
318. 717.510464991103163
319. 718.701095011630969
320. 719.736356407385756
321. 721.311154116441003
322. 722.318354878708305
323. 723.804952490585606
324. 724.593573006842234
325. 727.032005552223382
326. 730.466732991330446
327. 731.373830028714565
328. 732.841378217016199
329. 734.758535384417883
330. 735.808452407389041
331. 737.014825880659146
332. 738.626785022146123
333. 739.822750249261162
334. 740.659113228326305
335. 741.721332752951184
336. 743.918986097551624
337. 745.300250419617669
338. 746.576230987557665
339. 747.556961946671663
340. 748.327057299956550
341. 750.559581418588095
342. 751.063754848066765
343. 752.854646149922246
344. 754.363419465012385
345. 755.768185582790693
346. 756.862377170470609
347. 757.997085962908386
348. 758.983819189979158
349. 760.246540839304089
350. 760.265422168729856
351. 760.316350635256640
352. 762.645267149984420
353. 763.731577242566118
354. 764.190604045343434
355. 766.149571118571430
356. 767.144241655322048
357. 768.338995423628376
358. 769.654848315126401
359. 771.099097411036837
360. 772.921038716475323
361. 774.206759282014673
362. 774.942844771232330
363. 776.067365173453481
364. 777.266562390438139
365. 779.183320697384715
366. 780.319434445382058
367. 782.238503175358801
368. 782.494225598481989
369. 784.325155708632792
370. 785.677290571635695
371. 786.527374374117244
372. 787.438696575060476
373. 790.090886404081857
374. 790.786810137811017
375. 792.550160326472678
376. 792.767435247811363
377. 794.518771315776576
378. 795.579233890743126
379. 797.284531698867340
380. 798.677290748923724
381. 799.683263882186338
382. 801.562188634242602
383. 802.633367457911845
384. 803.167052228644707
385. 804.793929841155659
386. 805.840620716897092
387. 808.179139445349392
388. 809.142877203937815
389. 810.141975935808659
390. 811.144186457059050
391. 812.801696666464750
392. 814.006265828166534
393. 814.900326088962402
394. 816.711738654936653
395. 818.414693492283732
396. 819.163844672992582
397. 820.768893552157806
398. 821.639196378228235
399. 822.244836097751204
400. 824.515512569279508
401. 826.060284460164894
402. 826.882466192276752
403. 828.359398893968773
404. 829.419333776683743
405. 830.913465208860543
406. 831.765943979756685
407. 833.021886349986744
408. 834.640231903017138
409. 836.738738485212707
410. 837.277301449908691
411. 838.297211842558227
412. 839.438196334393751
413. 841.058385358677924
414. 842.023277828495338
415. 844.197874532270134
416. 844.767977628171138
417. 846.217008253644963
418. 847.918249945448679
419. 848.551279014945067
420. 849.823553217164090
421. 850.669392225545153
422. 853.143566025220480
423. 854.129295661748529
424. 855.248259619616647
425. 856.534356086895968
426. 857.269924087287109
427. 858.925297048800303
428. 860.380528644377591
429. 861.197419621613790
430. 863.168326176701612
431. 864.376458575294919
432. 865.539780213667427
433. 866.479496806703992
434. 867.653289085885490
435. 868.694171213258414
436. 870.828475730537320
437. 872.235577677640322
438. 873.031035376942100
439. 873.953988243625190
440. 875.929635220341652
441. 876.671906360135608
442. 877.617800124744917
443. 879.401390669601597
444. 880.810697231730046
445. 882.436407775639964
446. 883.340821851251803
447. 884.286797511541181
448. 885.224073595485379
449. 886.877147483881345
450. 888.447216092616372
451. 889.778543247163952
452. 890.767642466407779
453. 892.461168976676845
454. 893.042399457303191
455. 895.020340511346035
456. 895.262574302668781
457. 896.662453295681416
458. 899.161803257563861
459. 899.969043328102543
460. 900.759429051331836
461. 902.330066622677350
462. 903.025103387956960
463. 904.748515538302399
464. 905.868003627034341
465. 907.601194183800544
466. 908.391501049954513
467. 910.132179787875202
468. 911.330797305961369
469. 912.193341908380035
470. 912.915526130994067
471. 914.706466484100702
472. 916.382323802513383
473. 917.771829679360962
474. 918.962480499454387
475. 919.342310347313173
476. 921.194028768594762
477. 922.448740272628356
478. 923.329999507115417
479. 924.751912887695880
480. 926.577687869849342
481. 927.797007587493226
482. 928.728571085924159
483. 929.821112533283895
484. 931.058607619919258
485. 931.822514244913691
486. 934.424760781619170
487. 934.943144041352070
488. 936.262605499901042
489. 937.502071498433679
490. 939.084025517564442
491. 939.601648929083240
492. 941.189422875084347
493. 942.028958285213776
494. 944.207367998621521
495. 945.300609804793908
496. 948.377310419843070
497. 950.125879378275840
498. 951.058100799496060
499. 952.707688162677869
500. 954.173417553757190
501. 954.786066107581064
502. 956.723547348789680
503. 957.442294703858806
504. 958.464246423101713
505. 959.435835627266442
506. 961.685333859964430
507. 963.114971509976385
508. 963.641199045140183
509. 965.018250848663456
510. 966.144633782615074
511. 967.345637184630050
512. 968.655822302545630
513. 970.105336227312137
514. 971.088753423529852
515. 973.153831381911004
516. 973.924934066254082
517. 974.736878893014818
518. 976.207000113275171
519. 976.897014402420382
520. 978.773733696035379
521. 980.561994223222655
522. 981.310148497879936
523. 982.365427679103959
524. 983.597643355670925
525. 985.158317071133979
526. 986.177593944468526
527. 986.724083730465964
528. 989.005250377211496
529. 990.202680280957566
530. 991.403521419424919
531. 992.665620872683576
532. 993.277064924225670
533. 994.382996145362995
534. 996.218751574123417
535. 997.494778693752096
536. 998.852359640762643
537. 999.766389602494883
538. 1001.378273919979620
539. 1002.362321755647827
540. 1003.303078454197703
541. 1004.649375514153462
542. 1005.560604333059700
543. 1007.982037309202497
544. 1008.844676861428525
545. 1009.748742925850365
546. 1010.609508978310487
547. 1012.376110119453870
548. 1013.090908249212816
549. 1014.672564187741955
550. 1016.080398196828583
551. 1017.243370300823017
552. 1018.633158630683965
553. 1019.868441809775732
554. 1020.998955650339440
555. 1021.478582762119231
556. 1022.902286977274343
557. 1025.226501886983897
558. 1025.755453066670270
559. 1027.416295630195236
560. 1028.191979645950596
561. 1029.190757073437453
562. 1030.933364065906972
563. 1031.790241654905458
564. 1032.839272669181810
565. 1034.595015339584734
566. 1036.242905200308996
567. 1036.956088533309867
568. 1038.155163625173827
569. 1039.022089355921707
570. 1040.296157893007603
571. 1041.601552930645994
572. 1043.666102612986833
573. 1044.430545796774823
574. 1045.170710168924415
575. 1047.041894900415173
576. 1048.063724345513947
577. 1048.885418452586237
578. 1050.034079464351635
579. 1051.554725316665099
580. 1053.276791057086484
581. 1054.631622884059198
582. 1055.164152189417564
583. 1056.577876610321709
584. 1057.190854742106694
585. 1059.097600512973258
586. 1060.180829612027992
587. 1061.464721086394093
588. 1062.869986321959004
589. 1064.136192466760804
590. 1065.055107128333020
591. 1066.545724713590062
592. 1067.312588428022536
593. 1068.049202156038064
594. 1070.507374474740118
595. 1071.682279307317458
596. 1072.466296622214486
597. 1073.633190145387289
598. 1074.702055426518200
599. 1076.327395261910624
600. 1076.869910700586843
601. 1078.673563930663931
602. 1079.782120301442774
603. 1081.197892615190540
604. 1082.842711719961699
605. 1083.448645001239584
606. 1084.110850571529227
607. 1085.674337496606768
608. 1086.893811572204413
609. 1088.780085295044955
610. 1089.755713138613828
611. 1090.914093739639156
612. 1091.688056651395073
613. 1093.479442498466142
614. 1094.239725274848297
615. 1095.465953769403313
616. 1096.382247509420722
617. 1098.886220944161323
618. 1099.300504599864780
619. 1100.614661480276027
620. 1101.785379996078973
621. 1102.599958880569829
622. 1103.711173714794768
623. 1105.634751200009305
624. 1106.747146524701293
625. 1107.802139724858534
626. 1109.132649449875771
627. 1110.483215121525063
628. 1111.394800036390734
629. 1112.476467613658315
630. 1113.371399488395582
631. 1115.078230643769984
632. 1116.765159259110078
633. 1118.031191269485134
634. 1118.600972790248761
635. 1119.517554904325152
636. 1121.132909575426766
637. 1122.496617923508893
638. 1123.069849399536906
639. 1125.356341153575158
640. 1125.719153489984365
641. 1127.693733589411750
642. 1128.384535340600905
643. 1129.785774650203621
644. 1130.340381972365776
645. 1131.511501125310133
646. 1133.695479093173617
647. 1134.920112460772543
648. 1135.526538285611423
649. 1136.951557207926726
650. 1138.125691744928645
651. 1139.012793994241292
652. 1140.699793928920371
653. 1141.280884217448147
654. 1142.852089330125636
655. 1144.796908594669731
656. 1145.443243629895278
657. 1146.617963544561007
658. 1147.466275332662008
659. 1148.635568686318948
660. 1149.970325094985128
661. 1151.575288517326953
662. 1152.920165328895564
663. 1153.925995399934891
664. 1154.670329495397709
665. 1156.655390321085179
666. 1157.371830692203275
667. 1158.043048583725067
668. 1159.468987827613091
669. 1161.410149368989096
670. 1162.465370261061253
671. 1163.736582648162312
672. 1164.677144707541629
673. 1165.317208469262368
674. 1166.926137306402779
675. 1168.101773237254747
676. 1169.677329941731386
677. 1170.485231232500610
678. 1172.101318745676508
679. 1173.340759162567792
680. 1174.189979675315954
681. 1175.248611025163427
682. 1176.593046846328889
683. 1177.136329603483773
684. 1179.681831857590623
685. 1180.712452026047686
686. 1181.208765790365533
687. 1182.613424397855852
688. 1183.685930556510357
689. 1185.190941877508521
690. 1185.843051952530914
691. 1187.361068912605788
692. 1188.837576006239942
693. 1189.987110888613188
694. 1191.436787210242301
695. 1192.283930917817997
696. 1193.252894543897582
697. 1193.902782334442691
698. 1196.017889873780405
699. 1197.092866348669304
700. 1198.645260727122150
701. 1199.408926612258256
